Game Settings
10 5 3
Player ships
4 0 0 1 0000
3 7 0 0 000
2 3 2 1 00
Computer Ships
4 4 0 0 2000
3 0 0 0 000
2 7 2 0 00
Player map
0 0 0 0 0 0 0 0 0 0 
0 0 0 0 1 0 0 0 0 0 
0 0 0 0 0 0 0 0 0 0 
0 0 0 0 0 0 0 0 0 0 
0 0 0 0 0 0 1 0 0 0 
Player field
0 0 0 0 -1 -1 -1 1 -1 -1 
-1 -1 -1 -1 -1 -1 -1 1 -1 -1 
-1 -1 -1 2 2 -1 -1 1 -1 -1 
-1 -1 -1 -1 -1 -1 -1 -1 -1 -1 
-1 -1 -1 -1 -1 -1 -1 -1 -1 -1 
Computer map
0 0 0 0 2 0 0 0 0 0 
0 0 0 0 0 0 0 0 0 0 
0 0 0 0 0 0 0 0 0 0 
0 0 0 0 0 0 0 0 0 0 
0 0 0 0 0 0 0 0 0 0 
Computer field
1 -1 -1 -1 0 -1 -1 -1 -1 -1 
1 -1 -1 -1 0 -1 -1 -1 -1 -1 
1 -1 -1 -1 0 -1 -1 2 -1 -1 
-1 -1 -1 -1 0 -1 -1 2 -1 -1 
-1 -1 -1 -1 -1 -1 -1 -1 -1 -1 
Ability
3
DoubleDamage Booming Scanner 